0.915555556
0.773333
0.191111
0.2
0.186667
0.2
0.168889
0.195556
0.2
0.191111
0.195556
0.177778
0.186667
0.177778
0.186667
0.173333
0.2
0.177778
0.186667
0.186667
0.191111
0.186667
0.195556
0.186667
0.204444
0.173333
0.191111
0.186667
0.195556
0.168889
0.191111
0.2
0.177778
0.186667
0.168889
0.182222
0.173333
0.173333
0.186667
0.173333
0.191111
0.182222
0.177778
0.177778
0.168889
0.191111
0.195556
0.173333
0.182222
0.186667
0.186667
0.173333
0.186667
0.168889
0.186667
0.186667
0.182222
0.182222
0.182222
0.195556
0.195556
0.168889
