0.64
0.422857
0.468571
0.417143
0.428571
0.422857
0.388571
0.4
0.382857
0.411429
0.417143
0.394286
0.365714
0.382857
0.342857
0.377143
0.314286
0.371429
0.36
0.342857
0.405714
0.354286
0.348571
0.382857
0.36
0.36
0.382857
0.394286
0.377143
0.371429
0.354286
0.422857
0.394286
0.405714
0.394286
0.36
0.342857
0.388571
0.365714
0.382857
0.377143
0.348571
0.36
0.382857
0.342857
0.371429
0.325714
0.36
0.365714
0.4
0.388571
0.36
0.377143
0.365714
0.354286
0.377143
0.394286
0.382857
0.371429
0.371429
0.377143
0.32
0.354286
0.365714
0.36
0.348571
0.348571
0.371429
0.382857
0.365714
0.337143
0.377143
0.36
0.342857
0.377143
0.371429
0.377143
0.371429
0.337143
0.354286
