0.769230769
0.102564
0.0769231
0.0769231
0.0769231
0.0769231
0.0769231
0.0512821
0.0769231
0.0769231
0.0769231
0.025641
0.0512821
0.0512821
0.0769231
0.0512821
0.0769231
0.0769231
0.0769231
0.025641
0.102564
0.0769231
0.0769231
0.102564
0.0769231
0.0769231
0.0512821
0.0769231
0.0769231
0.0769231
0.0769231
0.0512821
0.0512821
0.0512821
0.0512821
0.0769231
0.0769231
0.0512821
0.0512821
0.0512821
0.0769231
0.0769231
0.0512821
0.0769231
0.0769231
0.102564
0.102564
0.0769231
0.0769231
0.0512821
0.0512821
0.0769231
0.0769231
0.0769231
0.0769231
0.025641
0.0769231
0.0512821
0.0769231
0.0769231
0.102564
0.102564
0.102564
0.0512821
0.025641
0.0769231
0.0769231
0.0512821
0.0512821
0.0512821
0.102564
0.0769231
0.0512821
0.0769231
0.102564
0.0769231
0.0769231
0.0512821
0.102564
0.0512821
0.0512821
0.0512821
0.0769231
0.0769231
0.0769231
0.0769231
0.0512821
0.0769231
0.0769231
0.102564
0.0769231
0.0769231
0.0769231
0.0769231
0.0769231
0.0769231
0.102564
0.0512821
0.102564
0.0769231
0.0512821
